76561198123092065
76561198128321749
76561198359102428
76561198913406368
76561199044905201
76561199058241048
76561199144221383
76561199207648729
76561199475448943
76561199478516665
76561199479040014
76561199479127390
76561199479152600
76561199479892503
76561199480018184
76561199480105297
76561199480748612
76561199480942934
76561199481223400
76561199481343699
76561199483199845
76561199485205405
76561199492199847
76561199492200841
76561199492386406
76561199492484708
76561199492496136
76561199492499117
76561199493751842
76561199493805416
76561199505610058
76561199511903926
76561199513989757
76561199564260080
76561199570111015
76561199579495838
76561199579891495
76561199593655414
76561199599897916
76561199600052536
76561199600253963
76561199600319836
76561199600477991
76561199600519400
76561199600699885
76561199600830656
76561199600870208
76561199600962380
76561199600984758
76561199600986884
76561199601020021
76561199601219626
76561199609778096